gmm-2
0 0.96702818739214
1 0.958279440748953
2 0.9703687373440459
3 0.9821925585388482
4 0.9806851476222672
5 0.9747929499837896
6 0.9858080393765383
7 0.958989501312336
8 0.9741793346552104
9 0.9717272153351699
10 0.9723996644728352
11 0.9790258620689655
12 0.9716074477599804
13 0.9797787234042553
14 0.9927665578675371
15 0.9876042370971376
16 0.9789563550310036
17 0.9862350164014838
18 0.9765679767320457
19 0.985317718499241
20 0.9710098416773643
21 0.9711407972858355
22 0.9810399888919745
23 0.9818858670112782
24 0.9611768174818989
25 0.9752220780517018
26 0.9660933208280297
27 0.957264484741265
28 0.9669796926149921
29 0.9792661290322581
30 0.9797654667996494
31 0.9690926217610178
32 0.9808979507774689
33 0.9722517221584386
34 0.9806778818749177
35 0.9818343140001868
36 0.9654418635696169
37 0.9648364074248119
38 0.9789445551992142
39 0.9780906572024531
40 0.9747771574101283
41 0.9769103676166873
42 0.9675159580222872
43 0.9710663054580984
44 0.9699846566935175
45 0.9644025157232704
46 0.9645754332069312
47 0.9764519331940309
48 0.9709302325581396
49 0.9667735042735042
50 0.9762915129151293
51 0.9746134147542599
52 0.9470547879638789
53 0.9731585208684445
54 0.9726294072936543
55 0.9893552221066706
56 0.9819550561797752
57 0.9728538213002387
58 0.9807084272476834
59 0.9684102262709374
60 0.9764835555029516
61 0.9692122906544339
62 0.9650582606909102
63 0.9801674263674613
64 0.9846387947891708
65 0.9789979757085019
66 0.9750178670690066
67 0.9751377850857159
68 0.9721558626033058
69 0.9755134951621118
70 0.9822979741347089
71 0.9676359600443951
72 0.97044590390598
73 0.9742883985848712
74 0.9767529962804797
75 0.9629967217132877
76 0.9802083333333333
77 0.9786723163841808
78 0.9687611886860008
79 0.9343033381712628
80 0.9857721601037109
81 0.9613384891669563
82 0.9666835202549489
83 0.9884996695307338
84 0.9763681052555483
85 0.9576970013947002
86 0.9870246175393235
87 0.9533170851344309
88 0.9767937944408533
89 0.9629038010044875
90 0.9778656620761884
91 0.9765620094191523
92 0.9700121654501216
93 0.9734345200254291
94 0.9605525061825202
95 0.9558484810756971
96 0.9586397493031825
97 0.9791475183823528
98 0.9629305043050429
99 0.9644571610236846
100 0.9384061103905461
