gmm-3
0 0.9565473601504076
1 0.9635378171963538
2 0.9743533215755439*
3 0.9836811277123116*
4 0.9761700848921944
5 0.9734887559315041
6 0.9844731150719667
7 0.960903324584427*
8 0.9517735183961226
9 0.9704789370982553
10 0.9332736482126726
11 0.9801206896551724*
12 0.9746564761362713*
13 0.9832765957446808*
14 0.9881170950632395
15 0.9834648035459395
16 0.9593505676541952
17 0.9855912198411969
18 0.9750913565515698
19 0.9854767584761079
20 0.9736154410416284*
21 0.9686810856658185
22 0.9835670647042488
23 0.9693814614661653
24 0.9449677292533499
25 0.9434990185314569
26 0.9411636631607156
27 0.9363271624439249
28 0.9696776341341619
29 0.9714516129032258
30 0.9712953728050291
31 0.9643673368541339
32 0.9784865959564755
33 0.9736438002296213
34 0.9840322132740904
35 0.9715217458983221
36 0.9632475637431585
37 0.9693961466165414
38 0.9776805061974516
39 0.9802387845957474
40 0.9731446109641819
41 0.9712928541924823
42 0.9190017671030328
43 0.9721765776968513
44 0.9698647871116226
45 0.9624343322234554
46 0.9724715595449528
47 0.9699313860608486
48 0.9723409712722297
49 0.9624771062271062
50 0.9736557722720085
51 0.9751120358514724
52 0.9634401225310315
53 0.9797015961138099
54 0.9729939348814122
55 0.9723443767642252
56 0.9694531835205992
57 0.972197058912341
58 0.9819527923866769
59 0.9702305155581676
60 0.9666375700906925
61 0.9473887788062212
62 0.9754116403979924
63 0.969918770453483
64 0.9790272384257347
65 0.979091960670908
66 0.942301278488049
67 0.9713239548125818
68 0.9525761880165289
69 0.9464861653369547
70 0.9864020333408088
71 0.9578468368479467
72 0.9214359784701991
73 0.9754774592269638
74 0.9714061854249897
75 0.9714222249456173
76 0.9774305555555556
77 0.959989014438167
78 0.9540741735290608
79 0.9694194484760522*
80 0.9854318586938908
81 0.946059263121307
82 0.9665839308696453
83 0.973041051626643
84 0.9719077568134172
85 0.9364016736401674
86 0.9879471019176902
87 0.9390079401575768
88 0.9584518422753717
89 0.9609720942672888
90 0.9769824769824769
91 0.9642464678178964
92 0.9676627128953772
93 0.9512635092180546
94 0.9547318897400325
95 0.9515453809760956
96 0.9505062752940805
97 0.9663537289915967
98 0.9742235547355473
99 0.9660626291527579
100 0.9778786568669836*
