0 0.8982293435101651
1 0.9715909090909092*
2 0.9373244496701285
3 0.9605563786919976
4 0.9256329351664037
5 0.9458427893542396
6 0.985062271608621
7 0.9270638045244344
8 0.8800690313578615
9 0.9395087235996327
10 0.8790327784230223
11 0.9786379310344828
12 0.9612000975689081
13 0.9627489361702128
14 0.9256850945192439
15 0.9763804372323641
16 0.9352589641434264
17 0.9759955853950151
18 0.9303602058319038
19 0.9819706498951782
20 0.9498441225013755
21 0.9734379417585526*
22 0.9725215217995001
23 0.9011909656954887
24 0.8874373423320119
25 0.878813587517051
26 0.8899226234340456
27 0.8150470714601631
28 0.9381068634522556
29 0.9549999999999998
30 0.8757215824946354
31 0.9575882516445844
32 0.9580544399821508
33 0.9722588978185992
34 0.9619842441427089
35 0.9446156719902867
36 0.9068131758109731
37 0.9576186560150375
38 0.9246482332206524
39 0.9273528221412782
40 0.9765811212328991
41 0.9572903758777365
42 0.8468390493706947
43 0.9756776361563855
44 0.9344393300089502
45 0.8928005919348871
46 0.9578073249171987
47 0.875079654411002
48 0.9659142726858185
49 0.9306623931623932
50 0.9456444385872429
51 0.9558381759085984
52 0.9378888924343469
53 0.9747199365519976
54 0.959289248762933
55 0.879334422819789
56 0.8973707865168539
57 0.9532113416070297
58 0.9743535562233909
59 0.9421017402945113
60 0.9345327040582325
61 0.96899514128281
62 0.9173784156614129
63 0.9072215404394577
64 0.952339640309565
65 0.9535352805089647
66 0.8383864051457159
67 0.9712706677628573
68 0.9224399535123967
69 0.9224381825383353
70 0.9816700306496225
71 0.9359452460229375
72 0.9023834213948282
73 0.9751324848431466
74 0.9769424163107867
75 0.940401053953859
76 0.9413262527233115
77 0.8955900816070308
78 0.9138545769184867
79 0.9661393323657474
80 0.9772160103710906
81 0.9021477812536207
82 0.9527333455904884
83 0.9378277153558053
84 0.9607171257138727
85 0.8275627615062762
86 0.9832875457875458
87 0.8639596554155553
88 0.8922834518422754
89 0.9001901988172012
90 0.974661185187501
91 0.9368681318681319
92 0.9663929440389294
93 0.8840670692943421
94 0.952379516255504
95 0.9195872758964144
96 0.8712501771569847
97 0.9242712710084033
98 0.90099938499385
99 0.8878556668256239
100 0.9695417207090359
