gmm-1
0 0.9601812748165506
1 0.963861172702636
2 0.9681069958847736
3 0.9758436379245884
4 0.9677710164525581
5 0.9645583424209379
6 0.9846520993362666
7 0.9517872765904263
8 0.9732833957553058
9 0.9671717171717171
10 0.9776906697638406
11 0.976396551724138
12 0.9737051792828685
13 0.9800085106382979
14 0.9843601251189991
15 0.9755991285403051
16 0.9752418895845191
17 0.9775207701033141
18 0.9768811991945708
19 0.9719366731728476
20 0.9645760743321719
21 0.9699604184337008
22 0.9822826992502083
23 0.9726195371240601
24 0.960808242964322
25 0.968127224939282
26 0.9671065853821934*
27 0.9533471283250141
28 0.9699550574266215
29 0.9740967741935485
30 0.9769546951975094
31 0.9649850211556873
32 0.9666872618679848
33 0.96923794489093
34 0.9815986787295926
35 0.9679493166464307
36 0.9658340008009612
37 0.972156954887218
38 0.9781138944266272
39 0.9682139410354597
40 0.9706794658308029
41 0.9675203084125017
42 0.9634678495437989
43 0.9624950037749256
44 0.9735407876230661
45 0.9664224935257122
46 0.9642394278308453
47 0.97104284295855
48 0.9664415184678523
49 0.9629120879120878
50 0.9736887190300474
51 0.974354870481631
52 0.9661922843741025
53 0.966359340405142
54 0.9631206663874541
55 0.9816817709107117
56 0.9795505617977528
57 0.9741824440619621
58 0.979698847983972
59 0.9683939008064779
60 0.9683167877380124
61 0.9626503080806711
62 0.9634293093833466
63 0.9719714235624125
64 0.9798121677820926
65 0.965015905147484
66 0.9711585801635829
67 0.9647924850035017
68 0.9632295971074379
69 0.9688932269563739
70 0.9827913583015624
71 0.967606363300037
72 0.9650881437953681
73 0.9743104182263913
74 0.964810924369748
75 0.9700511657832654
76 0.9696759259259261
77 0.9746939736346516
78 0.9671425587778971
79 0.9572278664731495
80 0.9749635391346622
81 0.9550674892828178
82 0.9644159465588036
83 0.9815891899831094
84 0.970736644256488
85 0.9628922594142256*
86 0.9790993320405085
87 0.9511327753763145
88 0.9750969618616677
89 0.9554593004249754
90 0.9680724680724682
91 0.9742857142857143
92 0.9616256082725062
93 0.9587492053401145
94 0.9589691778756257
95 0.9584785856573705
96 0.9546714328456922
97 0.9634896927521007
98 0.9758302583025831
99 0.9571292322365285
100 0.9609886150742181
